-4.700244008506274440e+00 1.979138347046461188e+00 0.000000000000000000e+00
-4.301958109390893625e+00 1.170412858484188190e+00 0.000000000000000000e+00
-3.420719519929979135e+00 1.429101388222648650e+00 0.000000000000000000e+00
-4.205753664139870729e+00 4.002871483450437751e+00 0.000000000000000000e+00
-1.509981676728538114e+00 4.512238981876992572e-01 0.000000000000000000e+00
-4.518689341055187825e+00 3.213137562777067746e+00 0.000000000000000000e+00
-4.527377943305990193e+00 3.269121791251117237e+00 0.000000000000000000e+00
-4.148347810825577575e+00 3.104117652926144721e+00 0.000000000000000000e+00
-3.860828761572694834e+00 1.953382629120479885e+00 0.000000000000000000e+00
-3.366624444620390566e+00 1.678643268990185344e+00 0.000000000000000000e+00
-4.805879067411838790e+00 2.235362713725446593e+00 0.000000000000000000e+00
-3.428076458111581015e+00 2.175109393274663017e+00 0.000000000000000000e+00
-3.666102458483843751e+00 2.262489606544045628e+00 0.000000000000000000e+00
-5.588246349303711114e+00 2.054787732046006621e+00 0.000000000000000000e+00
-5.501314488366546129e+00 3.613048652363661351e+00 0.000000000000000000e+00
-3.184751892945585805e+00 2.889525284353249290e+00 0.000000000000000000e+00
-3.289369883671370065e+00 2.765842659743245058e+00 0.000000000000000000e+00
-2.998092617279585426e+00 1.425111322209151377e+00 0.000000000000000000e+00
-5.246403717600697902e+00 3.709826552592132565e+00 0.000000000000000000e+00
-3.136531064954672043e+00 1.976899221711184484e+00 0.000000000000000000e+00
-3.577477910104207126e+00 5.624599046252655166e-01 0.000000000000000000e+00
-1.690771346137734055e+00 9.134213628356284698e-01 0.000000000000000000e+00
-4.835150326063507364e+00 9.147628011970938555e-01 0.000000000000000000e+00
-3.095889605043463000e+00 6.173588844335001768e-01 0.000000000000000000e+00
-3.321647163319944251e+00 2.984773444737530146e-01 0.000000000000000000e+00
-2.144822225489382284e+00 1.636924671472960446e-01 0.000000000000000000e+00
-3.982428497956621349e+00 2.175156794843220442e+00 0.000000000000000000e+00
-2.685914315011425302e+00 1.218509237945742729e+00 0.000000000000000000e+00
-3.563094636414846583e+00 1.038176510789257989e+00 0.000000000000000000e+00
-3.173015732330995764e+00 1.377896244563596495e+00 0.000000000000000000e+00
-2.996267968354552558e+00 1.324198960646291834e+00 0.000000000000000000e+00
-3.568662444424670177e+00 2.340654778721506180e+00 0.000000000000000000e+00
-3.385063831812301416e+00 2.012342598288318629e-01 0.000000000000000000e+00
-3.527537503732683710e+00 1.715927388940986509e+00 0.000000000000000000e+00
-2.851908516578959052e+00 1.470707712668110068e+00 0.000000000000000000e+00
-2.794119959372562523e+00 2.379309300310109565e-01 0.000000000000000000e+00
-2.758085110192898259e+00 1.569704208439224313e+00 0.000000000000000000e+00
-2.177344772289112829e+00 1.010364553352421479e+00 0.000000000000000000e+00
-3.029263824403047867e+00 -2.350958280680361945e-01 0.000000000000000000e+00
-3.271052282769354225e+00 2.604045902781568778e+00 0.000000000000000000e+00
-2.920655327971197313e+00 2.552334287367904464e-01 0.000000000000000000e+00
-2.237210620572758657e+00 9.194611639570047235e-01 0.000000000000000000e+00
-4.699725682958167283e+00 2.560753392410157314e+00 0.000000000000000000e+00
-1.230361332569929189e+00 4.225951505199744274e-01 0.000000000000000000e+00
-2.582039040656313844e+00 -3.502919477152600658e-01 0.000000000000000000e+00
-2.583120491798684526e+00 2.876865723371178962e+00 0.000000000000000000e+00
-3.888878893039409146e+00 2.051604078476492621e+00 0.000000000000000000e+00
-3.449753561686926151e+00 9.518391713506693108e-01 0.000000000000000000e+00
-2.342233314692645951e+00 1.432589499098083419e+00 0.000000000000000000e+00
-3.520625959871177546e+00 2.081553564732480766e+00 0.000000000000000000e+00
-3.218409120802125933e+00 8.791286960779719495e-01 0.000000000000000000e+00
-4.382148964925034917e+00 2.164715727700361914e+00 0.000000000000000000e+00
-4.363117271346948378e+00 2.271829284605271226e+00 0.000000000000000000e+00
-3.519172927754427693e+00 3.007373725383152063e+00 0.000000000000000000e+00
-3.122774752142252197e+00 1.593566694572984277e+00 0.000000000000000000e+00
-1.802405395321031945e+00 1.330061557166037023e+00 0.000000000000000000e+00
-2.873787538084909610e+00 1.729899424765487526e+00 0.000000000000000000e+00
-3.616905179739486442e+00 2.291157528678962052e+00 0.000000000000000000e+00
-3.738685508455017459e+00 2.460118028779491262e+00 0.000000000000000000e+00
1.586187491997980592e+00 -2.423844156395622118e+00 1.000000000000000000e+00
7.996721574038530012e-01 -1.394064605942240798e+00 1.000000000000000000e+00
2.380154455854787354e+00 -1.451886585225644621e+00 1.000000000000000000e+00
-4.591772581241282958e-01 -1.190453648888673888e+00 1.000000000000000000e+00
-5.072688503830762308e-01 -3.166624034189543302e+00 1.000000000000000000e+00
3.939835860764575592e-01 -2.779841704172167027e+00 1.000000000000000000e+00
-9.225661578646329186e-01 -1.388723683188651137e+00 1.000000000000000000e+00
-1.955493768609729122e+00 -2.693606293323307366e+00 1.000000000000000000e+00
-3.473281532000978555e-01 -2.592899029580594483e+00 1.000000000000000000e+00
2.037121203870703445e-01 1.962134955865837971e-02 1.000000000000000000e+00
-2.483191404761349030e-01 -2.756176100510954186e+00 1.000000000000000000e+00
1.179879985077379789e+00 -9.003427659028080399e-01 1.000000000000000000e+00
-1.077189252920767393e+00 -1.826701179975254830e+00 1.000000000000000000e+00
6.410017923571983411e-01 -1.445313674938877524e+00 1.000000000000000000e+00
-1.746844212184352374e+00 -1.784558588505810839e+00 1.000000000000000000e+00
-3.472111694387439718e-01 -1.488106819318249174e+00 1.000000000000000000e+00
1.142742217095563673e+00 -3.089248998353108178e+00 1.000000000000000000e+00
1.866588235927337802e-01 -2.673170957636407774e+00 1.000000000000000000e+00
9.005250035938837661e-01 -1.819423568342030562e+00 1.000000000000000000e+00
-7.070955104577104633e-01 -2.123044488531897755e+00 1.000000000000000000e+00
-5.956283253580415549e-01 -2.489622451948525050e+00 1.000000000000000000e+00
-5.576181808515688898e-01 -4.653037777482007087e+00 1.000000000000000000e+00
-1.804304167915278256e+00 -1.487149450698401543e+00 1.000000000000000000e+00
2.307707922711155213e-01 -2.842875469649965403e+00 1.000000000000000000e+00
2.034827107005219293e+00 -7.903200302976129965e-01 1.000000000000000000e+00
-6.211302120925664694e-01 -1.696895883304592401e+00 1.000000000000000000e+00
-1.033727420822825982e+00 -2.441437623010722202e+00 1.000000000000000000e+00
7.659878054453452823e-01 -3.446414022723953696e+00 1.000000000000000000e+00
3.504256778363719627e-01 -3.229356981202252008e+00 1.000000000000000000e+00
1.532450835292533675e-01 -2.112877671111866640e+00 1.000000000000000000e+00
-1.496284212928770119e-01 -2.991932096287781118e+00 1.000000000000000000e+00
4.807950392026530961e-01 -2.540024079776721511e+00 1.000000000000000000e+00
1.396890158928979719e+00 -2.540822911626100300e+00 1.000000000000000000e+00
9.197233098174537602e-01 -2.248596650843730060e+00 1.000000000000000000e+00
-5.910293741397072420e-01 -2.938453934698511016e+00 1.000000000000000000e+00
4.941138550389381767e-01 -2.936310763300606030e+00 1.000000000000000000e+00
-1.626144258370599838e+00 -2.020495449555800072e+00 1.000000000000000000e+00
2.000445622246151522e+00 -6.344846400783984430e-01 1.000000000000000000e+00
-1.005348182327694628e+00 -3.331125860673602279e+00 1.000000000000000000e+00
-2.071213144853389920e+00 -2.714454204452924291e+00 1.000000000000000000e+00
-1.638158897621452059e+00 -3.877396541087835491e+00 1.000000000000000000e+00
-1.058943400143956381e+00 -2.999872628814077125e+00 1.000000000000000000e+00
2.594549213330241480e-02 -2.354113883940947893e+00 1.000000000000000000e+00
-2.188740746446459773e-01 -1.642896008053773560e+00 1.000000000000000000e+00
1.364376404046120150e+00 -3.817471743037708976e+00 1.000000000000000000e+00
-1.129012448686901537e+00 -2.326852448839864529e+00 1.000000000000000000e+00
-2.126309355204541174e-01 -2.996775815321150116e+00 1.000000000000000000e+00
-7.794688373613158916e-01 -2.472773916337357658e+00 1.000000000000000000e+00
6.154673198298142855e-01 -2.178239871905023772e+00 1.000000000000000000e+00
2.255019223350970270e-01 -3.797341593415766159e+00 1.000000000000000000e+00
-2.038698512953948327e+00 -2.185325223581894960e+00 1.000000000000000000e+00
7.927471628060503983e-01 -3.661575980353475313e+00 1.000000000000000000e+00
3.022954542082268992e-01 -2.795278729957962227e+00 1.000000000000000000e+00
-5.066488199606682397e-01 -1.095273408234905155e+00 1.000000000000000000e+00
9.983739733598891997e-01 -3.445986748732365434e+00 1.000000000000000000e+00
-2.195492222924398662e-01 -2.797597690884174426e+00 1.000000000000000000e+00
-3.713151655837089171e-01 -6.005610308476769355e+00 1.000000000000000000e+00
5.545894068023533158e-02 -3.478469699174269181e+00 1.000000000000000000e+00
-9.137874364459526444e-02 -3.619777332205278864e+00 1.000000000000000000e+00
1.797552522617406057e+00 -8.501217650804527848e-01 1.000000000000000000e+00
-1.740500859300557757e-01 -2.632249713489650755e+00 1.000000000000000000e+00
-1.178702808623848464e+00 -2.205192262191420394e+00 1.000000000000000000e+00
-3.210543895540149517e+00 -2.905311694195499506e+00 1.000000000000000000e+00
6.260520153107815844e-01 -1.995708659296416609e+00 1.000000000000000000e+00
3.366612671445379235e-02 -1.384359759228216857e+00 1.000000000000000000e+00
-6.993007967569400130e-01 -2.459439565589429222e+00 1.000000000000000000e+00
-7.206107942314482484e-01 -3.246665203167922176e+00 1.000000000000000000e+00
-5.193351242870697382e-01 -2.869693249783704214e+00 1.000000000000000000e+00
1.170300446493415247e+00 -3.319478635896474739e+00 1.000000000000000000e+00
1.082479100683292755e-01 -3.798761426222008630e+00 1.000000000000000000e+00
1.123197831508259803e+00 -1.287848150705363626e+00 1.000000000000000000e+00
2.246324190262470211e+00 1.873478726188082255e-01 2.000000000000000000e+00
3.285277547967327294e+00 6.960862485144644340e-01 2.000000000000000000e+00
4.072364406441067786e+00 1.442575154026248252e-01 2.000000000000000000e+00
3.866912345924967020e+00 5.350335734351933104e-01 2.000000000000000000e+00
3.450883334974755634e+00 -2.173453581689150371e-01 2.000000000000000000e+00
3.715838992704316723e+00 5.651013007744253303e-01 2.000000000000000000e+00
3.922205101847167086e+00 8.935262170435255280e-01 2.000000000000000000e+00
4.851610197603337227e+00 3.140685182343950221e-01 2.000000000000000000e+00
3.549933893733654422e+00 9.159632987699500850e-01 2.000000000000000000e+00
3.768891735895858019e+00 2.255411290138675806e-01 2.000000000000000000e+00
2.669422498431698099e+00 1.141090760204883203e+00 2.000000000000000000e+00
2.324914922416465135e+00 1.948483301642382370e+00 2.000000000000000000e+00
3.177128826604768363e+00 1.059853166222391341e+00 2.000000000000000000e+00
2.889644183918622211e+00 1.157059224745766279e+00 2.000000000000000000e+00
3.783255621658542456e+00 2.007393043574700719e+00 2.000000000000000000e+00
3.044113241293268768e+00 9.812437042728466841e-01 2.000000000000000000e+00
4.706970170576559198e+00 1.817782773606372526e+00 2.000000000000000000e+00
4.850213933324686089e+00 2.208182126748217122e+00 2.000000000000000000e+00
4.983591843118738929e+00 2.034955195205949696e+00 2.000000000000000000e+00
4.869682926938924794e+00 1.808328611325326518e+00 2.000000000000000000e+00
4.598691898095439434e+00 1.872242275856425442e+00 2.000000000000000000e+00
5.674478836997416842e+00 1.825802705171585494e+00 2.000000000000000000e+00
5.329861231487731388e+00 5.821851523128511730e-01 2.000000000000000000e+00
5.034010305771579041e+00 2.277320758676917301e+00 2.000000000000000000e+00
4.520800865084123821e+00 -6.734202357880775258e-03 2.000000000000000000e+00
5.097837101531243142e+00 2.001620301105160316e+00 2.000000000000000000e+00
5.043682767604590111e+00 2.511903302362777701e+00 2.000000000000000000e+00
4.869808293588458348e+00 1.091580738495411707e+00 2.000000000000000000e+00
5.613165581496782686e+00 2.984393322634526058e+00 2.000000000000000000e+00
5.670467365588653053e+00 2.273069964381182029e+00 2.000000000000000000e+00
5.374135128512063098e+00 7.624722345726030470e-01 2.000000000000000000e+00
3.099753773488891362e+00 1.941064843205793311e+00 2.000000000000000000e+00
3.358881372670142529e+00 5.486896096241932197e-01 2.000000000000000000e+00
3.040071940553431773e+00 1.456988981290101348e+00 2.000000000000000000e+00
4.948613027971826561e+00 2.189924580612980343e+00 2.000000000000000000e+00
4.545044584822222511e+00 1.219898446518628665e+00 2.000000000000000000e+00
5.272558437670180176e+00 2.716230610783334498e+00 2.000000000000000000e+00
5.130161168186949006e+00 2.291725363327760334e+00 2.000000000000000000e+00
4.304680824819755003e+00 2.391125305209211405e+00 2.000000000000000000e+00
5.083367824767964116e+00 3.157666652040063582e+00 2.000000000000000000e+00
4.067435709944160926e+00 3.189219208114778548e-01 2.000000000000000000e+00
5.742129609500766563e+00 1.467081650540662752e+00 2.000000000000000000e+00
4.482051400461816826e+00 3.307083817166590389e+00 2.000000000000000000e+00
4.291507578811993184e+00 3.390331906588782029e+00 2.000000000000000000e+00
4.503296234241534357e+00 2.083545915467167831e+00 2.000000000000000000e+00
5.047470327731624629e+00 3.196231361443296226e+00 2.000000000000000000e+00
4.276155047752911997e+00 2.431387975697724801e+00 2.000000000000000000e+00
5.538086098201850938e+00 3.042057094679158524e+00 2.000000000000000000e+00
